Type : Parrot 
ID : TJNKR 
Alt : 0.9740065336227417
Lat : 48.8789217067991
Lon : 2.367732320045012
