Type : Parrot 
ID : TJNKR 
Alt : 1240.10
Lat : 6.037769166667152
Lon : 10.120282333333511
